GET /pc/mc/af76a2232dc03555003685d434b791b7(180c132)/thumb.jpg HTTP/1.1
Host: t1.s2.dpfile.com
Connection: Keep-Alive

6.0 (Linux; U; Android 4.3; GT-I9508 Build/JSS15J)
Host: 114.80.165.63
Connection: Keep-Alive
Accept-Encoding: gzip
Content-Length: 859

v=3&dpid=-2866104825104325185&c=
1432282890866	1	750	0	pic.down	200	1	0	10462	597	
1432282891364	1	750	0	pic.down	200	1	0	9857	82	
1432282891367	1	750	0	pic.down	200	1	0	9712	86	
1432282894074	1	750	0	pic.down	200	1	0	8992	72	
1432282894229	1	750	0	pic.down	200	1	0	9332	226	
1432282896301	1	750	0	pic.down	200	1	0	12056	61	
1432282896303	1	750	0	pic.down	200	1	0	12056	67	
1432282899028	1	750	0	pic.down	200	1	0	6783	47	
1432282899260	1	750	0	pic.down	200	1	0	9176	48	
1432282899260	1	750	0	pic.down	200	1	0	9176	49	
1432282901239	1	750	0	pic.down	200	1	0	11029	56	
1432282901261	1	750	0	pic.down	200	1	0	11246	79	
1432282901438	1	750	0	pic.down	200	1	0	2961	30	
1432282901456	1	750	0	pic.down	200	1	0	2963	48	
143228